CHR	POS
10	123059784
10	123065152
10	123065634
10	123074738
10	123076717
10	123080814
10	123081052
10	123081099
10	28240225
10	87615322
11	40365261
11	40370150
11	40371540
11	40372091
11	40373636
11	40387120
1	1984554
14	59216860
14	59217072
15	43071606
15	55135849
15	71172698
15	71269771
1	63748170
16	5267305
16	6075047
16	6075570
16	6075571
18	10836771
18	10836914
18	10839040
18	10839552
18	10839629
18	10839729
18	10840008
18	10840069
18	10840091
18	10840148
18	10840204
18	10840243
18	10840397
18	10840759
18	10842453
18	10842684
18	10843058
1	82977054
19	18809711
19	40430270
20	4202041
21	28844915
21	28846937
21	28847975
2	163427108
2	163427341
2	163427534
2	163427631
2	163427710
2	163427712
2	163428692
2	163429299
2	163429301
2	163429374
2	163499876
2	8981039
4	160452118
4	177463248
4	187756535
4	187760602
4	187778863
4	187813409
5	169127276
5	169129701 
5	171924139
5	171927301
5	171927475
6	144793906
6	144872272
6	14991919
7	21867727
7	47144534
7	78302547
7	78306984
8	626487
9	1155992
9	1158194
9	1158199
9	1158293
